         4.107      0.064721      -8.97242        -0.062
         4.335     0.0624764      -8.99583         -0.06
         4.845     0.0558349      -7.58202        -0.054
         5.138     0.0492897      -6.40196        -0.048
         5.557     0.0466471      -6.06377        -0.045
         5.948     0.0443161      -5.67924        -0.043
         6.049     0.0422037      -5.72343        -0.041
         6.393     0.0398395      -5.73248        -0.038
         6.778     0.0371029      -5.69711        -0.035
         6.894     0.0356048      -5.10695        -0.034
         7.617     0.0276965      -4.74644        -0.026
