         4.107     0.0123713      -4.44723        -0.011
         4.335     0.0110643      -4.73426         -0.01
         4.845     0.0101091      -4.57298        -0.009
         5.138    0.00886127       -4.1311        -0.008
         5.557    0.00785634      -3.97813        -0.007
         5.948    0.00784337       -3.6976        -0.007
         6.049    0.00780057      -3.85101        -0.007
         6.393    0.00924057      -17.9618        -0.006
         6.778    0.00756258      -16.2733        -0.005
         6.894    0.00750792      -15.1833        -0.005
         7.617    0.00594365      -11.9436        -0.004
