         4.107    -0.0439938      -19.4585         0.045
         4.335    -0.0434563      -19.2193         0.045
         4.845      -0.04745      -18.9654         0.049
         5.138    -0.0536272      -14.7538         0.057
         5.557    -0.0547392      -14.1264         0.058
         5.948    -0.0549413      -12.9362         0.059
         6.049    -0.0557992      -12.4379          0.06
         6.393    -0.0565781       -11.811         0.061
         6.778    -0.0588812      -10.6914         0.063
         6.894    -0.0585778       -9.9472         0.064
         7.617    -0.0622744      -7.75927         0.069
