         4.107     -0.106627      -4.20639        -0.091       -20.999
         4.335     -0.103713      -4.31899        -0.093      -20.2905
         4.845     -0.058974      -3.65244        -0.097      -20.9221
         5.138     -0.024605      -2.42043        -0.098      -21.3957
         5.557    -0.0136763      -1.71546        -0.098      -20.8809
         5.948   -0.00646862     -0.756629        -0.099      -20.4079
         6.049   -0.00445666     -0.242205        -0.098      -19.8769
         6.393   -0.00104584       1.74886        -0.097      -18.0123
         6.778    0.00116768      -3.24368        -0.096       -16.026
         6.894     0.0728926      -10.9847        -0.095      -106.001
         7.617     0.0223821      -78.1261        -0.091       -6.9838
