         4.107     0.0920308      -3.32863         0.244
         4.335     0.0959467      -3.35287         0.246
         4.845      0.117891      -3.60806         0.263
         5.138      0.133951      -3.69715         0.283
         5.557      0.135231      -3.67352         0.293
         5.948      0.134269      -3.68201           0.3
         6.049      0.133965      -3.69984         0.305
         6.393       0.13096      -3.69763         0.314
         6.778      0.126453      -3.66065         0.323
         6.894      0.123766      -3.63628         0.328
         7.617      0.105539      -3.71833         0.347
