W   qsq -t  sigmat  sigmal  sigmatt sigmalt
1.9733  0.5505      0.026   13.07   34.74   0.47    1.19
1.9568  0.5765      0.038   12.31   19.71   -3.95   1.54
1.9452  0.6048      0.050   13.88   8.53    -6.13   2.00
1.9864  0.9095      0.060   5.47    20.25   -0.50   -0.30
1.9703  0.9483      0.080   5.85    10.27   -2.31   0.16
1.9489  0.9977      0.100   5.56    5.57    -3.09   -0.08
2.0116  1.4345      0.135   2.51    4.31    0.22    0.13
1.9867  1.5064      0.165   1.58    3.64    0.33    -0.00
1.9644  1.5650      0.195   1.83    1.82    0.25    0.04
1.9433  1.6178      0.225   1.52    1.53    0.29    0.04
1.9229  1.6664      0.225   1.52    0.80    0.19    0.03
2.2978  2.1619      0.150   0.85    1.46    -0.13   0.18
2.2695  2.2598      0.190   0.67    0.90    -0.07   0.16
2.2400  2.3537      0.230   0.51    0.67    -0.07   0.15
2.2154  2.4289      0.270   0.47    0.39    -0.13   0.13
2.1932  2.4993      0.310   0.41    0.22    -0.07   0.14
2.1688  2.5753      0.350   0.31    0.21    -0.15   0.13
