Calculations where done for pi- production on the basis
 S.V Goloskokov, P. Kroll, Euro. Phys. J C65, 137-151 (2010)
 S.V Goloskokov, P. Kroll,  Euro. Phys. J. A47, 112 (2011).

for values of W and Q^2 from your files.
First  sets are from noFR_n_0_new1.dat file for few t' and t values.
later on are the sets from noFR_n_0_new2.dat file for few t' and t values.
Tha asymmetries are:

asy= AUT(sin(phi-phi_S))
asysfi=AUT(sin(phi_S))
asy2fi=AUT(sin(2phi-phi_S))
asyfpfs=AUT(sin(phi+phi_S))
asy3f=asy2fi=AUT(sin(3phi-phi_S))
================

      w          q2       t'         t       asy      asysfi     asy2fi   asyfpfs    asy3f
 
     3.166     4.107     0.000     0.124     0.000     0.329     0.000     0.000     0.000
     3.166     4.107     0.025     0.149    -0.082     0.325    -0.010     0.021     0.000
     3.166     4.107     0.050     0.174    -0.108     0.321    -0.019     0.029    -0.001
     3.166     4.107     0.075     0.199    -0.122     0.317    -0.027     0.034    -0.002
     3.166     4.107     0.100     0.224    -0.131     0.314    -0.034     0.038    -0.003
     3.166     4.107     0.125     0.249    -0.136     0.309    -0.040     0.040    -0.003
     3.166     4.107     0.150     0.274    -0.138     0.304    -0.044     0.042    -0.004
     3.166     4.107     0.175     0.299    -0.138     0.301    -0.048     0.043    -0.005
     3.166     4.107     0.200     0.324    -0.137     0.296    -0.052     0.044    -0.006
     3.166     4.107     0.225     0.349    -0.134     0.291    -0.055     0.045    -0.006
     3.166     4.107     0.250     0.374    -0.132     0.287    -0.057     0.046    -0.007
     3.166     4.107     0.275     0.399    -0.128     0.283    -0.058     0.046    -0.007
     3.166     4.107     0.300     0.424    -0.124     0.278    -0.060     0.046    -0.008
     3.166     4.107     0.325     0.449    -0.120     0.274    -0.061     0.046    -0.008
     3.166     4.107     0.350     0.474    -0.116     0.269    -0.062     0.046    -0.009
     3.166     4.107     0.400     0.524    -0.107     0.260    -0.062     0.046    -0.010
     3.166     4.107     0.500     0.624    -0.091     0.244    -0.062     0.045    -0.011
     3.015     4.355     0.000     0.163     0.000     0.370     0.000     0.000     0.000
     3.015     4.355     0.025     0.188    -0.077     0.365    -0.009     0.024     0.000
     3.015     4.355     0.050     0.213    -0.103     0.360    -0.017     0.033    -0.001
     3.015     4.355     0.075     0.238    -0.118     0.356    -0.025     0.038    -0.002
     3.015     4.355     0.100     0.263    -0.128     0.350    -0.031     0.043    -0.002
     3.015     4.355     0.125     0.288    -0.134     0.345    -0.037     0.046    -0.003
     3.015     4.355     0.150     0.313    -0.137     0.339    -0.042     0.048    -0.004
     3.015     4.355     0.175     0.338    -0.139     0.334    -0.046     0.050    -0.005
     3.015     4.355     0.200     0.363    -0.140     0.329    -0.049     0.051    -0.005
     3.015     4.355     0.225     0.388    -0.139     0.324    -0.052     0.052    -0.006
     3.015     4.355     0.250     0.413    -0.138     0.319    -0.055     0.053    -0.007
     3.015     4.355     0.275     0.438    -0.134     0.314    -0.057     0.054    -0.007
     3.015     4.355     0.300     0.463    -0.133     0.308    -0.058     0.053    -0.008
     3.015     4.355     0.325     0.488    -0.130     0.303    -0.060     0.054    -0.008
     3.015     4.355     0.350     0.513    -0.126     0.299    -0.061     0.054    -0.009
     3.015     4.355     0.400     0.563    -0.119     0.289    -0.063     0.054    -0.010
     3.015     4.355     0.500     0.663    -0.105     0.270    -0.063     0.052    -0.011
     2.865     4.740     0.000     0.226     0.000     0.374     0.000     0.000     0.000
     2.865     4.740     0.025     0.251    -0.060     0.368    -0.007     0.023     0.000
     2.865     4.740     0.050     0.276    -0.080     0.361    -0.013     0.031    -0.001
     2.865     4.740     0.075     0.301    -0.092     0.354    -0.018     0.037    -0.001
     2.865     4.740     0.100     0.326    -0.100     0.347    -0.023     0.041    -0.002
     2.865     4.740     0.125     0.351    -0.106     0.340    -0.027     0.043    -0.002
     2.865     4.740     0.150     0.376    -0.108     0.334    -0.030     0.046    -0.003
     2.865     4.740     0.175     0.401    -0.111     0.327    -0.033     0.047    -0.003
     2.865     4.740     0.200     0.426    -0.111     0.321    -0.036     0.049    -0.004
     2.865     4.740     0.225     0.451    -0.111     0.314    -0.038     0.050    -0.004
     2.865     4.740     0.250     0.476    -0.110     0.308    -0.040     0.050    -0.005
     2.865     4.740     0.275     0.501    -0.108     0.302    -0.042     0.051    -0.005
     2.865     4.740     0.300     0.526    -0.107     0.296    -0.043     0.051    -0.006
     2.865     4.740     0.325     0.551    -0.104     0.290    -0.044     0.051    -0.006
     2.865     4.740     0.350     0.576    -0.102     0.285    -0.045     0.051    -0.006
     2.865     4.740     0.400     0.626    -0.098     0.274    -0.046     0.051    -0.007
     2.865     4.740     0.500     0.726    -0.087     0.255    -0.047     0.050    -0.008
     2.796     5.138     0.000     0.280     0.000     0.408     0.000     0.000     0.000
     2.796     5.138     0.025     0.305    -0.058     0.401    -0.006     0.025     0.000
     2.796     5.138     0.050     0.330    -0.078     0.394    -0.012     0.033    -0.001
     2.796     5.138     0.075     0.355    -0.090     0.387    -0.017     0.039    -0.001
     2.796     5.138     0.100     0.380    -0.099     0.380    -0.021     0.044    -0.002
     2.796     5.138     0.125     0.405    -0.105     0.373    -0.025     0.047    -0.002
     2.796     5.138     0.150     0.430    -0.109     0.366    -0.028     0.050    -0.003
     2.796     5.138     0.175     0.455    -0.111     0.359    -0.031     0.052    -0.003
     2.796     5.138     0.200     0.480    -0.113     0.352    -0.034     0.053    -0.004
     2.796     5.138     0.225     0.505    -0.114     0.346    -0.036     0.054    -0.004
     2.796     5.138     0.250     0.530    -0.114     0.339    -0.039     0.055    -0.005
     2.796     5.138     0.275     0.555    -0.113     0.333    -0.040     0.056    -0.005
     2.796     5.138     0.300     0.580    -0.112     0.327    -0.042     0.057    -0.006
     2.796     5.138     0.325     0.605    -0.111     0.321    -0.043     0.057    -0.006
     2.796     5.138     0.350     0.630    -0.110     0.315    -0.044     0.057    -0.006
     2.796     5.138     0.400     0.680    -0.106     0.304    -0.046     0.058    -0.007
     2.796     5.138     0.500     0.780    -0.098     0.283    -0.048     0.057    -0.008
     2.758     5.557     0.000     0.332     0.000     0.419     0.000     0.000     0.000
     2.758     5.557     0.025     0.357    -0.053     0.412    -0.005     0.024     0.000
     2.758     5.557     0.050     0.382    -0.072     0.405    -0.010     0.033    -0.001
     2.758     5.557     0.075     0.407    -0.084     0.398    -0.015     0.039    -0.001
     2.758     5.557     0.100     0.432    -0.092     0.391    -0.019     0.044    -0.001
     2.758     5.557     0.125     0.457    -0.098     0.384    -0.022     0.047    -0.002
     2.758     5.557     0.150     0.482    -0.102     0.377    -0.025     0.050    -0.002
     2.758     5.557     0.175     0.507    -0.105     0.370    -0.028     0.052    -0.003
     2.758     5.557     0.200     0.532    -0.107     0.363    -0.031     0.054    -0.003
     2.758     5.557     0.225     0.557    -0.108     0.357    -0.033     0.055    -0.004
     2.758     5.557     0.250     0.582    -0.109     0.350    -0.035     0.056    -0.004
     2.758     5.557     0.275     0.607    -0.109     0.344    -0.037     0.057    -0.004
     2.758     5.557     0.300     0.632    -0.109     0.337    -0.038     0.057    -0.005
     2.758     5.557     0.325     0.657    -0.108     0.332    -0.039     0.058    -0.005
     2.758     5.557     0.350     0.682    -0.107     0.326    -0.041     0.058    -0.006
     2.758     5.557     0.400     0.732    -0.104     0.315    -0.043     0.059    -0.006
     2.758     5.557     0.500     0.832    -0.098     0.293    -0.045     0.058    -0.007
     2.718     6.049     0.000     0.397     0.000     0.430     0.000     0.000     0.000
     2.718     6.049     0.025     0.422    -0.048     0.423    -0.005     0.024     0.000
     2.718     6.049     0.050     0.447    -0.065     0.415    -0.009     0.033     0.000
     2.718     6.049     0.075     0.472    -0.077     0.409    -0.013     0.039    -0.001
     2.718     6.049     0.100     0.497    -0.085     0.402    -0.016     0.043    -0.001
     2.718     6.049     0.125     0.522    -0.091     0.395    -0.019     0.047    -0.002
     2.718     6.049     0.150     0.547    -0.095     0.388    -0.022     0.050    -0.002
     2.718     6.049     0.175     0.572    -0.098     0.381    -0.025     0.052    -0.002
     2.718     6.049     0.200     0.597    -0.101     0.374    -0.027     0.054    -0.003
     2.718     6.049     0.225     0.622    -0.102     0.368    -0.029     0.055    -0.003
     2.718     6.049     0.250     0.647    -0.103     0.361    -0.031     0.057    -0.004
     2.718     6.049     0.275     0.672    -0.104     0.355    -0.033     0.057    -0.004
     2.718     6.049     0.300     0.697    -0.104     0.349    -0.034     0.058    -0.004
     2.718     6.049     0.325     0.722    -0.104     0.343    -0.036     0.059    -0.005
     2.718     6.049     0.350     0.747    -0.104     0.337    -0.037     0.059    -0.005
     2.718     6.049     0.400     0.797    -0.102     0.326    -0.039     0.060    -0.006
     2.718     6.049     0.500     0.897    -0.098     0.305    -0.041     0.060    -0.007
     2.613     6.778     0.000     0.538     0.000     0.441     0.000     0.000     0.000
     2.613     6.778     0.025     0.563    -0.040     0.434    -0.004     0.023     0.000
     2.613     6.778     0.050     0.588    -0.055     0.428    -0.007     0.032     0.000
     2.613     6.778     0.075     0.613    -0.066     0.421    -0.010     0.038    -0.001
     2.613     6.778     0.100     0.638    -0.073     0.414    -0.013     0.043    -0.001
     2.613     6.778     0.125     0.663    -0.079     0.408    -0.015     0.046    -0.001
     2.613     6.778     0.150     0.688    -0.083     0.402    -0.018     0.049    -0.001
     2.613     6.778     0.175     0.713    -0.087     0.396    -0.020     0.052    -0.002
     2.613     6.778     0.200     0.738    -0.090     0.389    -0.022     0.054    -0.002
     2.613     6.778     0.225     0.763    -0.092     0.383    -0.024     0.056    -0.002
     2.613     6.778     0.250     0.788    -0.094     0.377    -0.026     0.057    -0.003
     2.613     6.778     0.275     0.813    -0.095     0.371    -0.027     0.058    -0.003
     2.613     6.778     0.300     0.838    -0.096     0.365    -0.028     0.059    -0.003
     2.613     6.778     0.325     0.863    -0.096     0.360    -0.030     0.060    -0.004
     2.613     6.778     0.350     0.888    -0.097     0.354    -0.031     0.061    -0.004
     2.613     6.778     0.400     0.938    -0.097     0.343    -0.033     0.062    -0.004
     2.613     6.778     0.500     1.038    -0.096     0.323    -0.035     0.063    -0.005
     3.191     4.335     0.000     0.132     0.000     0.334     0.000     0.000     0.000
     3.191     4.335     0.025     0.157    -0.080     0.331    -0.010     0.021     0.000
     3.191     4.335     0.050     0.182    -0.105     0.326    -0.019     0.029    -0.001
     3.191     4.335     0.075     0.207    -0.120     0.322    -0.026     0.034    -0.002
     3.191     4.335     0.100     0.232    -0.129     0.318    -0.033     0.037    -0.003
     3.191     4.335     0.125     0.257    -0.134     0.313    -0.038     0.040    -0.003
     3.191     4.335     0.150     0.282    -0.136     0.309    -0.043     0.042    -0.004
     3.191     4.335     0.175     0.307    -0.136     0.305    -0.047     0.043    -0.005
     3.191     4.335     0.200     0.332    -0.135     0.300    -0.050     0.044    -0.005
     3.191     4.335     0.225     0.357    -0.134     0.295    -0.053     0.045    -0.006
     3.191     4.335     0.250     0.382    -0.131     0.291    -0.055     0.046    -0.007
     3.191     4.335     0.275     0.407    -0.128     0.286    -0.057     0.046    -0.007
     3.191     4.335     0.300     0.432    -0.124     0.281    -0.058     0.046    -0.008
     3.191     4.335     0.325     0.457    -0.121     0.277    -0.059     0.046    -0.008
     3.191     4.335     0.350     0.482    -0.117     0.272    -0.060     0.046    -0.008
     3.191     4.335     0.400     0.532    -0.109     0.264    -0.061     0.046    -0.009
     3.191     4.335     0.500     0.632    -0.093     0.246    -0.060     0.045    -0.010
     3.031     4.845     0.000     0.191     0.000     0.372     0.000     0.000     0.000
     3.031     4.845     0.025     0.216    -0.069     0.367    -0.008     0.023     0.000
     3.031     4.845     0.050     0.241    -0.091     0.361    -0.015     0.031    -0.001
     3.031     4.845     0.075     0.266    -0.105     0.355    -0.021     0.036    -0.001
     3.031     4.845     0.100     0.291    -0.114     0.349    -0.026     0.040    -0.002
     3.031     4.845     0.125     0.316    -0.120     0.343    -0.031     0.043    -0.003
     3.031     4.845     0.150     0.341    -0.123     0.337    -0.035     0.046    -0.003
     3.031     4.845     0.175     0.366    -0.125     0.331    -0.039     0.047    -0.004
     3.031     4.845     0.200     0.391    -0.125     0.326    -0.042     0.049    -0.005
     3.031     4.845     0.225     0.416    -0.125     0.320    -0.045     0.049    -0.005
     3.031     4.845     0.250     0.441    -0.124     0.314    -0.046     0.050    -0.006
     3.031     4.845     0.275     0.466    -0.121     0.308    -0.049     0.051    -0.006
     3.031     4.845     0.300     0.491    -0.119     0.303    -0.050     0.051    -0.007
     3.031     4.845     0.325     0.516    -0.117     0.297    -0.051     0.051    -0.007
     3.031     4.845     0.350     0.541    -0.114     0.292    -0.052     0.051    -0.007
     3.031     4.845     0.400     0.591    -0.109     0.282    -0.053     0.050    -0.008
     3.031     4.845     0.500     0.691    -0.097     0.263    -0.054     0.049    -0.009
     2.873     5.426     0.000     0.277     0.000     0.405     0.000     0.000     0.000
     2.873     5.426     0.025     0.302    -0.058     0.398    -0.006     0.024     0.000
     2.873     5.426     0.050     0.327    -0.078     0.391    -0.012     0.032    -0.001
     2.873     5.426     0.075     0.352    -0.090     0.385    -0.017     0.038    -0.001
     2.873     5.426     0.100     0.377    -0.099     0.379    -0.021     0.042    -0.002
     2.873     5.426     0.125     0.402    -0.105     0.371    -0.025     0.046    -0.002
     2.873     5.426     0.150     0.427    -0.109     0.365    -0.028     0.048    -0.003
     2.873     5.426     0.175     0.452    -0.112     0.358    -0.031     0.050    -0.003
     2.873     5.426     0.200     0.477    -0.113     0.351    -0.034     0.052    -0.004
     2.873     5.426     0.225     0.502    -0.114     0.345    -0.036     0.053    -0.004
     2.873     5.426     0.250     0.527    -0.114     0.338    -0.038     0.054    -0.005
     2.873     5.426     0.275     0.552    -0.114     0.332    -0.040     0.054    -0.005
     2.873     5.426     0.300     0.577    -0.113     0.326    -0.042     0.055    -0.005
     2.873     5.426     0.325     0.602    -0.112     0.321    -0.043     0.055    -0.006
     2.873     5.426     0.350     0.627    -0.110     0.315    -0.044     0.056    -0.006
     2.873     5.426     0.400     0.677    -0.106     0.304    -0.046     0.056    -0.007
     2.873     5.426     0.500     0.777    -0.098     0.283    -0.048     0.055    -0.008
     2.757     5.948     0.000     0.368     0.000     0.425     0.000     0.000     0.000
     2.757     5.948     0.025     0.393    -0.050     0.418    -0.005     0.024     0.000
     2.757     5.948     0.050     0.418    -0.068     0.412    -0.009     0.033     0.000
     2.757     5.948     0.075     0.443    -0.079     0.404    -0.013     0.039    -0.001
     2.757     5.948     0.100     0.468    -0.088     0.397    -0.017     0.043    -0.001
     2.757     5.948     0.125     0.493    -0.094     0.390    -0.020     0.047    -0.002
     2.757     5.948     0.150     0.518    -0.098     0.383    -0.023     0.049    -0.002
     2.757     5.948     0.175     0.543    -0.101     0.376    -0.026     0.051    -0.003
     2.757     5.948     0.200     0.568    -0.103     0.370    -0.029     0.053    -0.003
     2.757     5.948     0.225     0.593    -0.105     0.363    -0.031     0.055    -0.003
     2.757     5.948     0.250     0.618    -0.106     0.357    -0.033     0.056    -0.004
     2.757     5.948     0.275     0.643    -0.106     0.351    -0.034     0.057    -0.004
     2.757     5.948     0.300     0.668    -0.106     0.344    -0.036     0.058    -0.004
     2.757     5.948     0.325     0.693    -0.106     0.338    -0.037     0.058    -0.005
     2.757     5.948     0.350     0.718    -0.105     0.333    -0.038     0.058    -0.005
     2.757     5.948     0.400     0.768    -0.103     0.321    -0.040     0.059    -0.006
     2.757     5.948     0.500     0.868    -0.099     0.300    -0.043     0.059    -0.007
     2.666     6.393     0.000     0.461     0.000     0.436     0.000     0.000     0.000
     2.666     6.393     0.025     0.486    -0.044     0.429    -0.004     0.024     0.000
     2.666     6.393     0.050     0.511    -0.060     0.422    -0.008     0.032     0.000
     2.666     6.393     0.075     0.536    -0.071     0.416    -0.011     0.039    -0.001
     2.666     6.393     0.100     0.561    -0.079     0.409    -0.015     0.043    -0.001
     2.666     6.393     0.125     0.586    -0.085     0.402    -0.017     0.047    -0.001
     2.666     6.393     0.150     0.611    -0.089     0.395    -0.020     0.050    -0.002
     2.666     6.393     0.175     0.636    -0.093     0.388    -0.022     0.052    -0.002
     2.666     6.393     0.200     0.661    -0.095     0.382    -0.025     0.054    -0.002
     2.666     6.393     0.225     0.686    -0.097     0.375    -0.027     0.056    -0.003
     2.666     6.393     0.250     0.711    -0.099     0.369    -0.028     0.057    -0.003
     2.666     6.393     0.275     0.736    -0.100     0.363    -0.030     0.058    -0.003
     2.666     6.393     0.300     0.761    -0.100     0.357    -0.031     0.059    -0.004
     2.666     6.393     0.325     0.786    -0.101     0.351    -0.033     0.060    -0.004
     2.666     6.393     0.350     0.811    -0.101     0.346    -0.034     0.060    -0.004
     2.666     6.393     0.400     0.861    -0.100     0.334    -0.036     0.061    -0.005
     2.666     6.393     0.500     0.961    -0.097     0.314    -0.038     0.061    -0.006
     2.562     6.894     0.000     0.589     0.000     0.443     0.000     0.000     0.000
     2.562     6.894     0.025     0.614    -0.039     0.437    -0.003     0.023     0.000
     2.562     6.894     0.050     0.639    -0.053     0.431    -0.006     0.032     0.000
     2.562     6.894     0.075     0.664    -0.063     0.424    -0.009     0.038    -0.001
     2.562     6.894     0.100     0.689    -0.070     0.418    -0.012     0.043    -0.001
     2.562     6.894     0.125     0.714    -0.076     0.412    -0.014     0.046    -0.001
     2.562     6.894     0.150     0.739    -0.080     0.405    -0.017     0.050    -0.001
     2.562     6.894     0.175     0.764    -0.084     0.399    -0.019     0.052    -0.002
     2.562     6.894     0.200     0.789    -0.087     0.393    -0.021     0.054    -0.002
     2.562     6.894     0.225     0.814    -0.089     0.387    -0.022     0.056    -0.002
     2.562     6.894     0.250     0.839    -0.091     0.381    -0.024     0.058    -0.003
     2.562     6.894     0.275     0.864    -0.093     0.375    -0.025     0.059    -0.003
     2.562     6.894     0.300     0.889    -0.093     0.369    -0.027     0.060    -0.003
     2.562     6.894     0.325     0.914    -0.094     0.364    -0.028     0.061    -0.003
     2.562     6.894     0.350     0.939    -0.095     0.359    -0.029     0.062    -0.004
     2.562     6.894     0.400     0.989    -0.096     0.348    -0.031     0.063    -0.004
     2.562     6.894     0.500     1.089    -0.095     0.328    -0.034     0.064    -0.005
     2.362     7.617     0.000     0.888     0.000     0.444     0.000     0.000     0.000
     2.362     7.617     0.025     0.913    -0.031     0.439    -0.002     0.022     0.000
     2.362     7.617     0.050     0.938    -0.042     0.434    -0.004     0.031     0.000
     2.362     7.617     0.075     0.963    -0.051     0.428    -0.006     0.037     0.000
     2.362     7.617     0.100     0.988    -0.057     0.423    -0.008     0.041    -0.001
     2.362     7.617     0.125     1.013    -0.062     0.418    -0.010     0.046    -0.001
     2.362     7.617     0.150     1.038    -0.067     0.413    -0.012     0.049    -0.001
     2.362     7.617     0.175     1.063    -0.070     0.408    -0.013     0.052    -0.001
     2.362     7.617     0.200     1.088    -0.073     0.402    -0.015     0.054    -0.001
     2.362     7.617     0.225     1.113    -0.077     0.398    -0.016     0.056    -0.002
     2.362     7.617     0.250     1.138    -0.079     0.393    -0.017     0.058    -0.002
     2.362     7.617     0.275     1.163    -0.081     0.388    -0.018     0.060    -0.002
     2.362     7.617     0.300     1.188    -0.083     0.383    -0.019     0.062    -0.002
     2.362     7.617     0.325     1.213    -0.084     0.378    -0.021     0.063    -0.002
     2.362     7.617     0.350     1.238    -0.086     0.374    -0.022     0.064    -0.003
     2.362     7.617     0.400     1.288    -0.088     0.364    -0.023     0.066    -0.003
     2.362     7.617     0.500     1.388    -0.091     0.347    -0.026     0.069    -0.004
