         4.107   0.000126305     -0.439283       1.12735      -1.26194      0.535158
         4.335  -1.20618e-06     -0.430101       1.16945      -1.53595      0.874528
         4.355   0.000319757     -0.403527      0.993814        -1.206      0.650598
          4.74  -0.000127415      -0.28767       0.69065     -0.821333      0.432117
         4.845  -0.000195062     -0.322924      0.667315     -0.489048     0.0316793
         5.138   -2.6944e-05     -0.262679      0.593865     -0.728723      0.416344
         5.426   3.16156e-05     -0.267423       0.65004     -0.916839      0.604932
         5.557   0.000204064     -0.232128      0.492001     -0.584436      0.334008
         5.948  -0.000149676     -0.188401      0.200964      0.238718     -0.459953
         6.049  -0.000162726     -0.194843      0.395986     -0.543555      0.408732
         6.393   5.50987e-05     -0.173617      0.317234     -0.372163      0.255119
         6.778  -0.000136763       -0.1498      0.251808     -0.292887      0.218869
         6.894   0.000195417     -0.136502      0.164068     0.0110712     -0.134073
         7.617   0.000171575    -0.0915649     0.0893333    0.00672774    -0.0570742
