         4.107   0.000300097    -0.0276671    -0.0299693      0.137363     -0.115239
         4.335   0.000198101    -0.0216765     -0.090103      0.351735     -0.332855
         4.355   0.000207094     -0.020835    -0.0690404      0.208183     -0.153522
          4.74   8.72648e-05    -0.0132808    -0.0659986      0.211354     -0.181888
         4.845   9.87907e-05   -0.00984406     -0.154261      0.518826     -0.487813
         5.138   8.72648e-05    -0.0132808    -0.0659986      0.211354     -0.181888
         5.426   0.000142605    -0.0166477    -0.0341021      0.125692     -0.112582
         5.557   3.44571e-05    -0.0103656    -0.0492125      0.120151    -0.0728908
         5.948   0.000227613    -0.0112686    -0.0490695      0.160122     -0.150368
         6.049   0.000181136    -0.0100796    -0.0415273      0.101974    -0.0726092
         6.393   0.000127082   -0.00765782    -0.0429664      0.118541     -0.102323
         6.778   4.93328e-05   -0.00478841    -0.0471254      0.105651    -0.0645837
         6.894   7.60361e-05   -0.00587181    -0.0429101      0.120132      -0.10277
         7.617   0.000112793   -0.00463691    -0.0290364     0.0904195    -0.0935295
