         4.107    0.00354447      0.616364        -3.385       7.98155      -6.69814
         4.335    0.00363367      0.607932      -3.31273       7.77629      -6.51049
         4.355    0.00405526      0.694303      -3.76494       8.88932      -7.51395
          4.74    0.00397203      0.655771      -3.52388       8.22389      -6.86974
         4.845    0.00413213      0.637422      -3.36221       7.75205      -6.44527
         5.138    0.00420131      0.704726      -3.77909       8.93042      -7.54508
         5.426    0.00408221      0.676695      -3.58918        8.4204      -7.09022
         5.557    0.00392438       0.70036      -3.68878       8.63633      -7.26225
         5.948    0.00423135      0.682473      -3.57266       8.37378      -7.04903
         6.049    0.00408402      0.688052      -3.58746       8.39267      -7.05289
         6.393    0.00404818       0.67863      -3.49211       8.16061      -6.87837
         6.778    0.00382755      0.668708      -3.41532       7.98468      -6.71833
         6.894    0.00385219      0.666693      -3.38907       7.95478      -6.73231
         7.617    0.00367107      0.639475      -3.16441        7.4344      -6.28558
