         4.107    -0.0151661      -2.28795        13.847      -32.8518       27.4366
         4.335    -0.0145723      -2.24564       13.5556      -32.2796       27.0766
         4.355    -0.0139472      -2.17404       12.6656       -29.767       24.8358
          4.74    -0.0106446      -1.69688       9.78516      -22.9587         19.15
         4.845    -0.0122934      -1.93943       11.2707      -26.4908       22.0823
         5.138     -0.010259      -1.64214       9.22342      -21.5919       18.0438
         5.426    -0.0103609      -1.63424       9.12988      -21.3069       17.7872
         5.557   -0.00937367      -1.50984       8.33696       -19.491       16.3147
         5.948   -0.00870768      -1.42555       7.74501      -17.9902       14.9781
         6.049   -0.00817476      -1.38141       7.50374      -17.5451       14.7063
         6.393   -0.00745473      -1.26753       6.75405       -15.777       13.2607
         6.778   -0.00670333      -1.16045       6.04572      -14.0008       11.6871
         6.894   -0.00663629      -1.11192        5.8063      -13.5861       11.4409
         7.617   -0.00530877     -0.874106       4.34462       -10.161        8.5706
