         4.107      0.328911     -0.150769     -0.066816     -0.046875      0.207954
         4.335      0.334183     -0.147824     -0.189295      0.404821      -0.27962
         4.355      0.369916     -0.183807     -0.199219      0.576091     -0.483526
          4.74      0.374299     -0.266337    -0.0871081      0.446314     -0.322614
         4.845      0.372272     -0.223189     -0.120085      0.376191     -0.234671
         5.138      0.407955     -0.273015     -0.128398      0.619898      -0.54147
         5.426      0.404596     -0.247053     -0.255073      0.949942     -0.848367
         5.557      0.418872     -0.267376     -0.190388      0.833479     -0.779761
         5.948       0.42518     -0.277855    -0.0711561       0.44747     -0.391158
         6.049      0.429835     -0.277258    -0.0759875      0.446158     -0.367368
         6.393      0.435866     -0.264099     -0.128416      0.587651     -0.499736
         6.778      0.440938     -0.269301     0.0492353      0.014094      0.042254
         6.894      0.443059     -0.240321     -0.160499      0.655667     -0.587877
         7.617      0.444197     -0.214801     0.0469277    -0.0673502      0.109912
