         4.107     0.0646814      -8.98143        -0.062
         4.335     0.0624398      -9.00524         -0.06
         4.845     0.0559823      -7.63274        -0.054
         5.138     0.0494104      -6.43385        -0.048
         5.557      0.046577      -6.06821        -0.045
         5.948     0.0445794      -5.76633        -0.043
         6.049     0.0423942      -5.78412        -0.041
         6.393     0.0395635      -5.63697        -0.038
         6.778     0.0363854      -5.42053        -0.035
         6.894     0.0356014      -5.11996        -0.034
         7.617      0.027619       -4.7731        -0.026
