         4.107     0.0121724      -4.35668        -0.011
         4.335     0.0111072      -4.71539         -0.01
         4.845     0.0101029      -4.48701        -0.009
         5.138    0.00885761      -4.12108        -0.008
         5.557    0.00779402      -4.03193        -0.007
         5.948    0.00788584      -3.72735        -0.007
         6.049    0.00791435      -3.62441        -0.007
         6.393    0.00674216      -3.49243        -0.006
         6.778    0.00568341      -3.80259        -0.005
         6.894    0.00559949      -3.58531        -0.005
         7.617     0.0045681      -3.35002        -0.004
