         4.107    -0.0437429      -19.7403         0.045
         4.335    -0.0436275      -19.4243         0.045
         4.845    -0.0474492      -18.9671         0.049
         5.138    -0.0538448      -14.9443         0.057
         5.557    -0.0549154      -14.2443         0.058
         5.948    -0.0549181      -12.8843         0.059
         6.049     -0.055817      -12.4709          0.06
         6.393    -0.0566177       -11.835         0.061
         6.778    -0.0576639      -10.2527         0.063
         6.894    -0.0586226      -9.96476         0.064
         7.617     -0.062342      -7.77127         0.069
