         4.107     -0.106631      -4.20645        -0.091      -20.9982
         4.335    -0.0949221      -4.01254        -0.093      -21.3016
         4.845    -0.0575865      -3.54205        -0.097      -21.1914
         5.138     -0.024574      -2.39925        -0.098      -21.4822
         5.557    -0.0131952      -1.54467        -0.098       -21.184
         5.948   -0.00609187     -0.626066        -0.099      -20.6317
         6.049   -0.00409086     0.0464437        -0.098       -20.063
         6.393  -0.000937055       2.27064        -0.097      -18.1336
         6.778     0.0772526      -12.5527        -0.096      -282.844
         6.894     0.0742082       -11.157        -0.095      -724.555
         7.617     0.0213084      -101.504        -0.091      -7.12442
