         4.107     0.0923377      -3.35294         0.244
         4.335     0.0958929      -3.34612         0.246
         4.845      0.117887      -3.60801         0.263
         5.138      0.134184      -3.70567         0.283
         5.557      0.135235      -3.67392         0.293
         5.948      0.134264      -3.68183           0.3
         6.049      0.133964      -3.70056         0.305
         6.393       0.13096      -3.69786         0.314
         6.778      0.126385      -3.64885         0.323
         6.894      0.123784      -3.63692         0.328
         7.617       0.10554      -3.71849         0.347
